1000
0.02 8812
2000
0.01 9100
3000
0.01 9108
4000
0.01 9152
5000
0.01 9444
6000
0.02 9712
7000
0.03 9636
8000
0.02 9896
9000
0.03 9528
10000
0.03 9544
11000
0.04 9648
12000
0.04 9464
13000
0.04 9476
14000
0.05 9636
15000
0.05 9556
16000
0.05 9672
17000
0.05 9664
18000
0.07 9680
19000
0.06 9812
20000
0.08 9684
21000
0.08 9804
22000
0.07 9672
23000
0.07 9668
24000
0.07 9684
25000
0.08 9552
26000
0.08 9904
27000
0.09 9800
28000
0.11 9696
29000
0.09 9796
30000
0.13 9784
31000
0.10 9680
32000
0.11 9804
33000
0.11 9800
34000
0.10 9812
35000
0.11 9692
36000
0.11 9552
37000
0.11 9604
38000
0.12 9552
39000
0.12 9680
40000
0.12 9776
41000
0.15 9804
42000
0.14 9820
43000
0.20 9956
44000
0.16 9904
45000
0.13 9684
46000
0.15 9884
47000
0.15 9520
48000
0.15 9860
49000
0.16 9860
50000
0.16 9836
