1000
0.02 8864
2000
0.01 9168
3000
0.02 9236
4000
0.02 9512
5000
0.03 9656
6000
0.04 9644
7000
0.04 9664
8000
0.04 9644
9000
0.05 9648
10000
0.06 9816
11000
0.06 9720
12000
0.06 9876
13000
0.07 9844
14000
0.07 9844
15000
0.09 9720
16000
0.09 9884
17000
0.09 9724
18000
0.09 9872
19000
0.10 9952
20000
0.10 9768
21000
0.12 9908
22000
0.12 9724
23000
0.12 9692
24000
0.13 9736
25000
0.13 9720
26000
0.14 9680
27000
0.14 9952
28000
0.15 9724
29000
0.15 9864
30000
0.16 9736
31000
0.16 9708
32000
0.18 9792
33000
0.17 9720
34000
0.18 9876
35000
0.18 9796
36000
0.19 10000
37000
0.21 9916
38000
0.20 9900
39000
0.20 9888
40000
0.21 9896
41000
0.22 9800
42000
0.23 9748
43000
0.23 9748
44000
0.24 9792
45000
0.24 9808
46000
0.25 9652
47000
0.27 9736
48000
0.25 9648
49000
0.27 9948
50000
0.26 9800
